[app/ui]
version = 8.2.3
modtime = 1638990343.515258000

[app/launcher]
version = 8.2.3
modtime = 1638990343.516864000

[app/install/state]
version = 8.2.3
modtime = 1639055458.522492000
