[app/ui]
version = 8.2.3
modtime = 1638990368.861844000

[app/launcher]
version = 8.2.3
modtime = 1638990368.863578000

[app/install/state]
version = 8.2.3
modtime = 1639055458.760773000
